21672111119789121301312396101013915142559111111382
225975381014902530315101013611710111036213454991314
2134116075157121115866011328147133113146491524121515
15156511413615214113510111119101266308811157352961414
213151115075471211158660114284713311315669324121215
216714111111789521301312696101013121514255661411380
28598538101290288313151010136119109103101343498130
213151160751571211158660242814713311386491524121215
21341160751371211158660113212147133113146491524121515
15156511413615214113510111119101266308812157352961414
21972241097107121044123961010139151247559111111382
275975386149025323151010136117101110362134511991314
1515651141361521411341011111910666398810157352961414
11215421412121091715141214400101016912131215111447110211
2131511607141571211158660114281415133113150295154121215
225915538409124831315611351111091036215434981314
21672111119789121301312396101013915142559101151382
2131511607515712111586601142814713311315029524121215
216721111187891213013123961071321514255941111382
2259853810090253313151010136111103103621461149151514
151113721111197881213013123941010131115147559111111382
213151160751571211158660114281571331331584932412515
1515651141361521431341011111910666398810157352961414
22598538101290210831315101013611910910711514434981314
216721111197891213013123961010139151411559111141382
265985551012972381133101313811210913121513434981314
213411607515141211158690113281471331143146491524121515
212761314102141310111010502148521210139128315812910082150
1515651141361521411341011111910666394810157352961414
21672811119789121301312396101013915142559111111382
0312571511435721015271114151128081161283231214106997
27151160135127101160661111481114121331131564915141212915
21672111119789121301312396110139151425515101151382
249721341097107121344123961010139151447531311211381
11215421412321091715141214400101016912131215111447110211
21672111119729121361310396101013915142559111111382
213151115075471211158660114284713311315669924121215
2197214109710714213441231161010119151437559111111792
212761314102141310111010502148521210139128315812910082150
225985381009025331315101013611110310362136349151314
21315116075157121158650242814713311386491524121215
265985521012972383131510101361171091381513434981314
213156150754712111581601142847133113156615324121215
151561211413615214113510111119101258308811157352961414
213411611751171211158660113212147132113146461524121515
3912386225131257143133794131141413339113355041212
225975381014902530315101011611710111076213453991314
031257151141115725152744511580803101210131261011997
1525915568409124831315611351111091036215434981314
03125715114115725152711451158080312910131214107997
2197215410971071210441239610106915124755151111113121
351560513038101161415136012811111212139131210101314101048
2101511621351271011611661111481114121331131564915141212915
0312571511411157251527405115808031012101312151011997
1515651140615214113510111319101466308812157352961414
361560513038101161415136812811111212139131211101314101048
21541161751571211158661211328147133113861491524121515
1121512141212991715131214400101016912131215111447110211
1515651613615214111510111119101266308811157353961414
361560513038101161415136812811111212139131211101314101048
15111372111119118872130131239410101387147559111111382
1121542141211199111151412144001010161512131215111537110211
151565114136152140241011111910666394810157352961414
112154214121299171514121440010416913131215111447110211
7131511677415715111586602428147133113864141529121215
3912386225136515143497941311141139113855041215
2715112013512710116066111148111412133113156491514121296
2120513131011414611510501168521210136122314212131001221513
151013721111113788121301312394101013111514155159111111382
21452853830902530315810136117100103628434149111
216721111197891213013123961010139151425129111111482
01112571511411157251527405113808031012101312151011207
2167121111978912130131239610109915142559111111382
1121542141211599111151412144001010161512131215111537110211
213411907515701115866811328147133113146491524121515
2131511607515712111586601142814713311315649324121215
1525915568909124831315611381115791036215434981314
211151160751571011686601141381411133113156491524121215
361560513133810116141513683811111212139131211101314151048
2120513131031414611510501168521210138122314812131001221513
21276131410214131011108502148521210139128313812910082150
219721410971071213441239610101391514475591111111392
285985361012902883131510101361191011101101383498130
2145985381049028831315101013611910910311513434981312
14131512607141571211158660114281415133113150295151091215
21205131310314146115105011680212101381221114812131001221513
21315116071415712111586601142814813311330295154121315
2715116013512710116866111141081431331131564915212121215
151565114151515214113510111119101266338811073521561414
21972141097107121344123961010139151447551311211384
2167911111178956130131269610101301414255661411380
285275383090253031581013611710111036284341491115
1515651141361521411341011111910665394810159352961414
15156121141313152141135101111191012184088111571452146414
213151160714157121158660114281415133113150295154121215
8131511651351571211989601145817130113131041315127141215
1556511413680141134101111191066631342101515352961414
528985381009025331315101013611110310362135349151314
15156511413615214113410111119106663988101573529131214
13269853810090258313151010136911091036213434981314
